   1.2625000e+00
   1.2458333e+00
   1.2491667e+00
   1.2833333e+00
   1.2725000e+00
   1.2650000e+00
   1.2666667e+00
   1.2658333e+00
   1.2891667e+00
   1.2350000e+00
   1.2541667e+00
   1.2458333e+00
   1.2550000e+00
   1.2508333e+00
   1.2708333e+00
   1.3158333e+00
   1.2733333e+00
   1.2633333e+00
   1.2616667e+00
   1.2775000e+00
   1.2491667e+00
   1.2758333e+00
   1.2225000e+00
   1.2725000e+00
   1.2733333e+00
   1.2816667e+00
   1.2583333e+00
   1.3008333e+00
   1.3083333e+00
   1.2791667e+00
   1.2666667e+00
   1.3108333e+00
   1.2875000e+00
   1.2825000e+00
   1.2850000e+00
   1.2825000e+00
   1.2808333e+00
   1.2516667e+00
   1.3000000e+00
   1.2916667e+00
   1.2741667e+00
   1.2750000e+00
   1.2575000e+00
   1.2691667e+00
   1.2550000e+00
   1.2758333e+00
   1.2616667e+00
   1.2833333e+00
   1.2583333e+00
   1.2700000e+00
   1.2858333e+00
   1.2550000e+00
   1.2666667e+00
   1.2658333e+00
   1.2650000e+00
   1.2766667e+00
   1.2725000e+00
   1.2616667e+00
   1.2975000e+00
   1.2666667e+00
   1.2975000e+00
   1.2925000e+00
   1.2716667e+00
   1.2750000e+00
   1.2558333e+00
   1.2850000e+00
   1.2775000e+00
   1.2675000e+00
   1.3016667e+00
   1.2616667e+00
   1.2733333e+00
   1.2875000e+00
   1.2766667e+00
   1.2991667e+00
   1.2908333e+00
   1.2641667e+00
   1.2800000e+00
   1.2608333e+00
   1.2508333e+00
   1.2441667e+00
   1.2575000e+00
   1.2916667e+00
   1.2825000e+00
   1.2625000e+00
   1.2591667e+00
   1.2658333e+00
   1.2650000e+00
   1.2900000e+00
   1.3000000e+00
   1.2608333e+00
   1.2516667e+00
   1.2700000e+00
   1.2741667e+00
   1.2625000e+00
   1.2800000e+00
   1.2733333e+00
   1.2625000e+00
   1.2675000e+00
   1.2958333e+00
   1.2616667e+00
   1.2800000e+00
   1.2591667e+00
   1.2775000e+00
   1.2825000e+00
   1.2625000e+00
   1.2733333e+00
   1.2841667e+00
   1.2633333e+00
   1.2741667e+00
   1.2816667e+00
   1.2933333e+00
   1.2766667e+00
   1.2966667e+00
   1.3050000e+00
   1.2708333e+00
   1.2691667e+00
   1.2716667e+00
   1.2841667e+00
   1.2725000e+00
   1.2633333e+00
   1.2600000e+00
   1.2725000e+00
   1.2825000e+00
   1.2608333e+00
   1.2825000e+00
   1.2858333e+00
   1.2525000e+00
   1.2783333e+00
   1.2675000e+00
   1.2516667e+00
   1.2616667e+00
   1.2883333e+00
   1.2675000e+00
   1.2766667e+00
   1.2675000e+00
   1.2783333e+00
   1.2600000e+00
   1.2600000e+00
   1.2775000e+00
   1.2650000e+00
   1.2708333e+00
   1.2750000e+00
   1.2941667e+00
   1.2550000e+00
   1.2475000e+00
   1.2700000e+00
   1.2700000e+00
   1.2583333e+00
   1.2616667e+00
   1.2691667e+00
   1.2750000e+00
   1.2183333e+00
   1.2833333e+00
   1.2875000e+00
   1.2841667e+00
   1.2883333e+00
   1.2383333e+00
   1.2583333e+00
   1.2875000e+00
   1.2791667e+00
   1.2650000e+00
   1.2775000e+00
   1.2525000e+00
   1.2783333e+00
   1.2825000e+00
   1.2400000e+00
   1.2833333e+00
   1.2658333e+00
   1.2841667e+00
   1.2783333e+00
   1.2833333e+00
   1.2850000e+00
   1.2883333e+00
   1.2958333e+00
   1.2608333e+00
   1.2875000e+00
   1.2708333e+00
   1.2458333e+00
   1.3158333e+00
   1.2608333e+00
   1.2883333e+00
   1.2550000e+00
   1.2625000e+00
   1.2883333e+00
   1.2783333e+00
   1.2858333e+00
   1.2916667e+00
   1.2666667e+00
   1.3116667e+00
   1.2491667e+00
   1.2933333e+00
   1.2658333e+00
   1.2425000e+00
   1.2700000e+00
   1.2683333e+00
   1.2541667e+00
   1.2600000e+00
   1.2883333e+00
   1.2758333e+00
   1.2558333e+00
   1.2850000e+00
   1.2658333e+00
   1.2775000e+00
   1.2833333e+00
   1.2816667e+00
   1.2591667e+00
   1.2733333e+00
   1.2966667e+00
   1.2658333e+00
   1.2925000e+00
   1.2983333e+00
   1.2341667e+00
   1.2791667e+00
   1.3083333e+00
   1.2866667e+00
   1.2725000e+00
   1.2908333e+00
   1.2675000e+00
   1.2708333e+00
   1.2733333e+00
   1.2600000e+00
   1.2850000e+00
   1.2816667e+00
   1.3000000e+00
   1.2816667e+00
   1.2983333e+00
   1.2591667e+00
   1.3141667e+00
   1.3075000e+00
   1.2866667e+00
   1.2950000e+00
   1.2775000e+00
   1.2916667e+00
   1.2691667e+00
   1.2725000e+00
   1.2808333e+00
   1.2883333e+00
