    1.285000    
    1.287500    
    1.265833    
    1.261667    
    1.278333    
    1.267500    
    1.258333    
    1.305000    
    1.265000    
    1.244167    
    1.300000    
    1.263333    
    1.277500    
    1.295833    
    1.273333    
    1.280833    
    1.315833    
    1.290000    
    1.311667    
    1.270833    
    1.278333    
    1.267500    
    1.276667    
    1.265833    
    1.270833    
    1.284167    
    1.285000    
    1.257500    
    1.270833    
    1.258333    
    1.255000    
    1.273333    
    1.269167    
    1.278333    
    1.245833    
    1.282500    
    1.274167    
    1.264167    
    1.255000    
    1.235000    
    1.291667    
    1.265833    
    1.218333    
    1.288333    
    1.272500    
    1.283333    
    1.260000    
    1.287500    
    1.283333    
    1.267500    
    1.277500    
    1.258333    
    1.300000    
    1.272500    
    1.292500    
    1.298333    
    1.281667    
    1.273333    
    1.287500    
    1.282500    
    1.282500    
    1.261667    
    1.260833    
    1.279167    
    1.259167    
    1.295833    
    1.275833    
    1.268333    
    1.278333    
    1.276667    
    1.288333    
    1.267500    
    1.242500    
    1.288333    
    1.255000    
    1.278333    
    1.265000    
    1.260833    
    1.265000    
    1.272500    
    1.265000    
    1.252500    
    1.266667    
    1.269167    
    1.279167    
    1.293333    
    1.249167    
    1.282500    
    1.273333    
    1.294167    
    1.291667    
    1.285833    
    1.265833    
    1.254167    
    1.262500    
    1.297500    
    1.260833    
    1.272500    
    1.288333    
    1.290833    
    1.260000    
    1.285000    
    1.281667    
    1.238333    
    1.275833    
    1.285000    
    1.262500    
    1.265833    
    1.265833    
    1.251667    
    1.270000    
    1.266667    
    1.255833    
    1.280000    
    1.272500    
    1.281667    
    1.275833    
    1.260000    
    1.296667    
    1.262500    
    1.285833    
    1.275000    
    1.259167    
    1.266667    
    1.240000    
    1.275000    
    1.284167    
    1.255000    
    1.273333    
    1.260000    
    1.292500    
    1.270000    
    1.250833    
    1.296667    
    1.260833    
    1.300000    
    1.222500    
    1.274167    
    1.260833    
    1.270000    
    1.265833    
    1.289167    
    1.270000    
    1.274167    
    1.288333    
    1.281667    
    1.287500    
    1.275000    
    1.249167    
    1.245833    
    1.255833    
    1.315833    
    1.270833    
    1.250833    
    1.291667    
    1.310833    
    1.282500    
    1.300833    
    1.276667    
    1.261667    
    1.261667    
    1.286667    
    1.275000    
    1.283333    
    1.270833    
    1.308333    
    1.285833    
    1.277500    
    1.297500    
    1.281667    
    1.283333    
    1.263333    
    1.272500    
    1.288333    
    1.267500    
    1.280000    
    1.262500    
    1.271667    
    1.266667    
    1.234167    
    1.261667    
    1.299167    
    1.266667    
    1.279167    
    1.287500    
    1.258333    
    1.255000    
    1.267500    
    1.283333    
    1.277500    
    1.271667    
    1.270000    
    1.284167    
    1.251667    
    1.260000    
    1.277500    
    1.262500    
    1.290833    
    1.293333    
    1.280000    
    1.308333    
    1.282500    
    1.261667    
    1.249167    
    1.276667    
    1.282500    
    1.254167    
    1.261667    
    1.263333    
    1.245833    
    1.284167    
    1.285000    
    1.273333    
    1.257500    
    1.247500    
    1.252500    
    1.269167    
    1.301667    
    1.259167    
    1.277500    
    1.265000    
    1.251667    
    1.262500    
    1.273333    
    1.283333    
